27 608 1 1.00
39 387 1 0.00
56 83 2 1.00
56 97 1 1.00
56 565 1 1.00
64 426 3 0.00
66 339 1 1.00
71 213 2 1.00
71 428 1 0.00
75 695 3 0.33
77 474 1 1.00
81 501 1 1.00
81 602 1 1.00
85 345 4 0.75
85 426 1 1.00
89 631 1 1.00
91 474 4 1.00
93 625 2 0.50
97 461 2 0.00
97 627 1 1.00
99 633 1 1.00
101 652 2 1.00
103 364 1 1.00
105 691 2 0.50
105 693 1 1.00
110 95 4 0.75
110 463 2 0.00
110 466 3 1.00
110 472 1 1.00
112 128 3 1.00
112 422 1 1.00
112 625 1 1.00
114 426 5 0.80
114 437 1 1.00
114 439 4 0.50
114 453 2 1.00
114 457 1 0.00
114 461 2 1.00
114 466 1 1.00
114 468 1 1.00
114 546 4 1.00
116 457 1 1.00
116 461 2 1.00
116 519 1 1.00
118 468 2 1.00
120 637 1 1.00
122 472 1 1.00
122 484 1 1.00
122 646 1 1.00
124 404 1 1.00
124 437 1 1.00
126 66 1 1.00
126 372 1 1.00
126 470 1 1.00
130 401 1 1.00
132 459 1 1.00
132 652 2 1.00
133 39 4 0.25
133 472 1 1.00
135 39 1 0.00
137 468 1 0.00
141 48 1 1.00
141 639 2 0.50
143 387 1 1.00
143 441 1 1.00
143 681 1 1.00
145 393 2 1.00
145 430 1 1.00
149 441 1 1.00
151 441 2 1.00
153 375 1 0.00
155 321 1 1.00
157 594 1 1.00
159 646 2 0.50
161 782 1 1.00
164 381 1 1.00
168 449 1 0.00
170 286 1 1.00
170 410 1 1.00
174 372 1 1.00
174 381 2 1.00
174 449 1 1.00
174 451 1 1.00
176 710 1 1.00
178 64 1 1.00
178 437 1 1.00
178 457 2 1.00
180 410 1 1.00
186 418 1 1.00
188 215 1 0.00
192 753 1 1.00
193 755 2 1.00
195 633 1 1.00
199 269 2 0.50
199 612 1 1.00
199 670 1 1.00
207 600 1 1.00
211 869 1 1.00
213 449 1 1.00
215 364 2 1.00
215 666 2 0.50
217 387 1 1.00
225 581 3 1.00
225 720 3 0.67
228 223 1 1.00
230 56 1 1.00
242 461 1 1.00
244 315 1 1.00
244 478 2 1.00
246 290 1 1.00
246 484 1 1.00
246 488 1 1.00
248 641 4 1.00
250 317 1 1.00
252 447 1 1.00
252 615 2 1.00
253 784 1 0.00
255 476 2 0.00
255 873 1 1.00
257 763 1 1.00
259 613 1 1.00
263 660 1 1.00
267 348 1 1.00
269 362 1 1.00
269 443 2 0.50
271 354 1 1.00
271 445 4 0.75
271 468 1 0.00
273 867 1 1.00
277 327 1 1.00
277 648 2 1.00
279 470 1 1.00
279 683 1 0.00
280 737 1 1.00
280 761 1 1.00
282 306 2 1.00
284 298 1 1.00
286 126 1 1.00
288 364 1 1.00
288 714 2 1.00
290 716 3 1.00
292 401 1 1.00
292 646 1 0.00
294 387 4 1.00
302 708 1 1.00
304 656 2 1.00
304 697 1 1.00
308 583 1 1.00
310 645 2 0.50
310 681 1 1.00
314 681 1 0.00
315 643 1 1.00
317 294 1 1.00
317 650 4 1.00
319 501 1 0.00
325 116 1 1.00
327 404 1 1.00
327 406 1 1.00
327 414 1 1.00
331 588 1 1.00
331 590 1 1.00
333 383 2 1.00
337 652 1 0.00
337 705 6 0.83
339 280 1 1.00
339 823 4 1.00
339 879 1 1.00
341 424 2 1.00
341 646 1 1.00
343 327 4 1.00
343 410 1 1.00
345 89 1 0.00
345 546 1 1.00
346 267 1 1.00
348 646 1 0.00
350 735 2 0.50
352 393 1 1.00
354 617 1 0.00
360 637 1 1.00
362 166 2 1.00
362 585 1 0.00
364 232 4 0.75
364 892 1 1.00
366 559 1 1.00
366 720 1 1.00
366 768 1 1.00
366 772 6 1.00
368 317 2 1.00
368 774 1 1.00
370 569 1 1.00
370 660 1 1.00
370 697 1 1.00
372 619 1 1.00
372 668 1 1.00
372 780 1 1.00
373 132 1 1.00
373 567 1 0.00
373 782 2 1.00
377 397 1 1.00
381 190 1 0.00
381 586 2 1.00
383 635 1 1.00
385 97 1 1.00
385 581 6 0.83
385 896 1 1.00
387 97 4 1.00
387 581 1 0.00
389 457 4 1.00
389 501 2 0.50
391 87 2 1.00
391 354 1 1.00
391 782 1 0.00
393 33 1 1.00
393 828 3 1.00
395 681 1 1.00
395 757 1 1.00
397 310 4 0.75
397 523 1 1.00
399 544 1 0.00
401 209 2 1.00
401 441 1 1.00
402 519 1 1.00
402 794 1 1.00
402 803 2 1.00
404 207 1 0.00
404 426 4 1.00
404 517 2 1.00
404 890 1 1.00
406 426 4 1.00
406 892 1 1.00
408 304 4 0.50
414 639 1 0.00
414 757 2 1.00
414 801 2 1.00
416 735 4 1.00
416 753 1 1.00
418 492 1 1.00
418 544 4 0.50
420 643 1 1.00
420 751 1 1.00
424 472 1 0.00
430 449 1 1.00
434 631 1 1.00
436 215 1 1.00
436 674 1 1.00
437 377 1 1.00
437 722 1 1.00
445 267 2 1.00
445 286 1 1.00
445 708 2 1.00
449 257 1 1.00
449 493 2 1.00
449 710 1 1.00
449 749 1 1.00
453 244 1 1.00
453 923 1 1.00
463 852 1 0.00
463 869 1 1.00
465 294 1 0.00
465 871 1 1.00
466 571 1 1.00
466 737 2 1.00
468 391 1 1.00
484 699 1 1.00
490 722 1 1.00
493 280 1 1.00
495 410 1 1.00
495 439 1 1.00
497 265 2 1.00
499 362 1 1.00
499 455 1 0.00
501 252 2 0.50
501 573 1 1.00
501 722 1 1.00
501 733 4 0.75
503 257 2 1.00
503 335 1 1.00
503 735 4 0.75
503 739 1 1.00
505 511 1 1.00
511 279 1 1.00
511 538 1 1.00
511 726 1 1.00
513 497 1 1.00
513 590 1 1.00
513 678 1 1.00
513 745 4 0.75
517 267 1 1.00
517 648 2 1.00
519 666 2 1.00
521 240 1 1.00
521 375 1 1.00
521 428 2 1.00
521 463 1 1.00
521 465 1 1.00
521 617 6 1.00
523 77 4 1.00
523 383 1 1.00
523 524 1 1.00
523 619 4 0.75
523 703 1 1.00
524 536 1 1.00
524 753 1 0.00
524 838 1 1.00
526 211 1 1.00
530 441 1 1.00
530 774 1 0.00
532 472 1 1.00
534 588 1 1.00
536 705 1 1.00
542 499 2 1.00
546 335 1 1.00
550 52 1 0.00
552 615 2 1.00
554 625 1 1.00
554 765 1 1.00
556 366 1 1.00
556 602 1 1.00
559 225 1 1.00
561 801 1 1.00
563 341 2 1.00
563 637 1 1.00
563 739 1 1.00
573 277 1 1.00
573 443 1 1.00
573 875 1 1.00
577 83 1 0.00
588 826 1 1.00
590 141 1 1.00
592 178 1 1.00
592 912 1 1.00
598 906 1 1.00
602 900 1 1.00
604 908 2 1.00
613 561 1 1.00
615 898 1 1.00
617 755 1 1.00
623 253 1 1.00
625 126 1 1.00
629 71 1 1.00
629 321 1 1.00
633 290 1 1.00
633 321 1 1.00
633 439 1 1.00
635 120 1 1.00
637 269 1 1.00
637 579 2 0.50
639 271 2 1.00
639 881 2 1.00
641 329 1 1.00
646 255 1 0.00
658 828 1 1.00
660 182 1 1.00
660 457 1 1.00
664 145 1 0.00
666 323 1 1.00
666 484 1 1.00
668 151 2 1.00
670 151 1 0.00
670 153 1 1.00
672 133 1 0.00
674 145 1 0.00
676 532 1 1.00
678 381 1 1.00
681 569 1 1.00
683 855 1 1.00
685 143 1 1.00
687 631 1 1.00
691 585 1 1.00
691 660 1 1.00
691 730 1 0.00
695 162 1 0.00
697 153 1 1.00
697 182 1 1.00
703 166 1 1.00
708 170 2 1.00
710 211 1 1.00
714 135 1 1.00
714 772 2 0.50
718 484 1 0.00
720 859 1 0.00
728 778 1 0.00
730 211 1 1.00
732 147 1 1.00
732 217 1 1.00
733 110 1 1.00
733 362 1 0.00
733 763 1 1.00
735 106 1 1.00
737 288 1 0.00
737 402 1 0.00
743 434 1 1.00
745 457 1 0.00
751 174 1 1.00
753 288 3 1.00
753 588 1 1.00
753 598 1 0.00
755 290 1 1.00
755 600 4 1.00
757 182 1 1.00
757 197 2 1.00
767 228 1 1.00
780 424 1 0.00
788 141 2 1.00
792 418 1 0.00
794 484 1 1.00
794 664 2 1.00
796 722 1 1.00
799 796 1 1.00
807 323 1 1.00
811 153 4 1.00
811 420 1 1.00
813 155 2 1.00
815 720 1 1.00
817 402 1 1.00
817 646 2 0.50
825 687 1 1.00
826 323 3 1.00
828 132 1 1.00
828 720 2 1.00
832 830 1 0.00
834 689 1 1.00
836 718 1 1.00
840 538 1 1.00
842 817 1 0.00
844 552 1 1.00
844 733 1 1.00
848 730 1 1.00
850 559 2 0.50
852 561 1 1.00
852 852 1 0.00
861 668 1 1.00
863 608 2 1.00
865 602 1 1.00
869 230 1 1.00
869 466 1 0.00
869 722 4 0.50